0 1 0
0.1 1 0
0.2 1 0
0.3 1 0
0.4 1 0
0.5 1 0
0.6 1 0
0.7 1 0
0.8 1 0
0.9 1 0
1 1 0
0 0.9 0
0.1 0.9 0.00097945
0.2 0.9 0.0004842
0.3 0.9 0.000310374
0.4 0.9 0.000345171
0.5 0.9 0.000201977
0.6 0.9 0.0003611
0.7 0.9 0.000229922
0.8 0.9 0.000303067
0.9 0.9 0.000206908
1 0.9 0
0 0.8 0
0.1 0.8 0.000116967
0.2 0.8 0.00049987
0.3 0.8 0.000324325
0.4 0.8 0.000238718
0.5 0.8 0.000454139
0.6 0.8 0.000316496
0.7 0.8 0.000683001
0.8 0.8 0.000738533
0.9 0.8 0.000366974
1 0.8 0
0 0.7 0
0.1 0.7 0.000668274
0.2 0.7 0.000542698
0.3 0.7 0.000713285
0.4 0.7 0.000293644
0.5 0.7 6.84899e-05
0.6 0.7 0.000197437
0.7 0.7 0.000473263
0.8 0.7 0.000554891
0.9 0.7 0.000760254
1 0.7 0
0 0.6 0
0.1 0.6 0.000556201
0.2 0.6 4.53515e-05
0.3 0.6 0.000179333
0.4 0.6 0.000155542
0.5 0.6 6.77825e-05
0.6 0.6 0.000494611
0.7 0.6 1.66802e-05
0.8 0.6 0.000131463
0.9 0.6 0.000138382
1 0.6 0
0 0.5 0
0.1 0.5 0.000395787
0.2 0.5 0.000174562
0.3 0.5 9.11417e-05
0.4 0.5 0.000607538
0.5 0.5 0.000245801
0.6 0.5 0.000313574
0.7 0.5 0.000355693
0.8 0.5 0.00115076
0.9 0.5 0.000494054
1 0.5 0
0 0.4 0
0.1 0.4 0.000500652
0.2 0.4 0.000459253
0.3 0.4 8.78286e-06
0.4 0.4 0.000170462
0.5 0.4 0.000128862
0.6 0.4 0.00026402
0.7 0.4 0.000197333
0.8 0.4 0.000250274
0.9 0.4 0.00090238
1 0.4 0
0 0.3 0
0.1 0.3 0.000234677
0.2 0.3 0.000406201
0.3 0.3 0.000259861
0.4 0.3 1.64517e-05
0.5 0.3 0.000187514
0.6 0.3 0.000564279
0.7 0.3 0.000873462
0.8 0.3 0.000472077
0.9 0.3 7.75519e-05
1 0.3 0
0 0.2 0
0.1 0.2 0.000426284
0.2 0.2 0.000239919
0.3 0.2 0.000332038
0.4 0.2 8.82202e-05
0.5 0.2 0.000226689
0.6 0.2 0.00116307
0.7 0.2 0.000665086
0.8 0.2 7.07597e-05
0.9 0.2 0.000143486
1 0.2 0
0 0.1 0
0.1 0.1 0.000500163
0.2 0.1 0.000217603
0.3 0.1 0.000304503
0.4 0.1 0.000435618
0.5 0.1 0.000221511
0.6 0.1 0.000167837
0.7 0.1 0.00031907
0.8 0.1 0.000192473
0.9 0.1 0.000225794
1 0.1 0
0 0 0
0.1 0 0
0.2 0 0
0.3 0 0
0.4 0 0
0.5 0 0
0.6 0 0
0.7 0 0
0.8 0 0
0.9 0 0
1 0 0
