0 1 0
0.1 1 0
0.2 1 0
0.3 1 0
0.4 1 0
0.5 1 0
0.6 1 0
0.7 1 0
0.8 1 0
0.9 1 0
1 1 0
0 0.9 0
0.1 0.9 0.00108657
0.2 0.9 0.000992597
0.3 0.9 0.00113343
0.4 0.9 0.000836253
0.5 0.9 0.000240351
0.6 0.9 0.00061909
0.7 0.9 0.000534169
0.8 0.9 0.000188649
0.9 0.9 0.000802114
1 0.9 0
0 0.8 0
0.1 0.8 0.00104937
0.2 0.8 0.0012895
0.3 0.8 0.000765092
0.4 0.8 0.00019756
0.5 0.8 0.000305241
0.6 0.8 0.000306714
0.7 0.8 0.000962411
0.8 0.8 0.000688018
0.9 0.8 3.77929e-05
1 0.8 0
0 0.7 0
0.1 0.7 0.000220313
0.2 0.7 0.000101054
0.3 0.7 2.73161e-05
0.4 0.7 3.40945e-05
0.5 0.7 0.000560884
0.6 0.7 0.000331689
0.7 0.7 0.000220915
0.8 0.7 0.000107593
0.9 0.7 5.68112e-05
1 0.7 0
0 0.6 0
0.1 0.6 0.000432977
0.2 0.6 0.000577643
0.3 0.6 0.000820306
0.4 0.6 0.000102575
0.5 0.6 6.21544e-05
0.6 0.6 0.000217809
0.7 0.6 0.000467724
0.8 0.6 0.000662022
0.9 0.6 0.000559416
1 0.6 0
0 0.5 0
0.1 0.5 0.00051097
0.2 0.5 0.000860317
0.3 0.5 0.00122721
0.4 0.5 0.000568194
0.5 0.5 0.000667174
0.6 0.5 0.00072691
0.7 0.5 1.50293e-05
0.8 0.5 0.000123144
0.9 0.5 0.000318128
1 0.5 0
0 0.4 0
0.1 0.4 0.000155117
0.2 0.4 0.00085418
0.3 0.4 0.000894521
0.4 0.4 0.000364174
0.5 0.4 0.000222734
0.6 0.4 0.000399083
0.7 0.4 0.000275238
0.8 0.4 0.000770605
0.9 0.4 9.76346e-05
1 0.4 0
0 0.3 0
0.1 0.3 0.000874537
0.2 0.3 0.000704634
0.3 0.3 0.000730362
0.4 0.3 0.000590642
0.5 0.3 0.000492141
0.6 0.3 0.000741126
0.7 0.3 0.000596876
0.8 0.3 0.000194103
0.9 0.3 0.000458849
1 0.3 0
0 0.2 0
0.1 0.2 0.000258718
0.2 0.2 0.000478838
0.3 0.2 0.00058602
0.4 0.2 0.000135229
0.5 0.2 0.000281476
0.6 0.2 0.000275372
0.7 0.2 0.000398983
0.8 0.2 9.89005e-05
0.9 0.2 0.000597953
1 0.2 0
0 0.1 0
0.1 0.1 0.000179604
0.2 0.1 0.0005696
0.3 0.1 0.000881361
0.4 0.1 0.00083018
0.5 0.1 0.000887481
0.6 0.1 0.000385434
0.7 0.1 0.000320442
0.8 0.1 0.000333656
0.9 0.1 0.000875987
1 0.1 0
0 0 0
0.1 0 0
0.2 0 0
0.3 0 0
0.4 0 0
0.5 0 0
0.6 0 0
0.7 0 0
0.8 0 0
0.9 0 0
1 0 0
