0 1 -0.00452679 0.0497947
0.1 1 -0.000458696 0.0499979
0.2 1 0.00369358 0.0498634
0.3 1 0.00784552 0.0493806
0.4 1 0.0119111 0.0485605
0.5 1 0.0158114 0.0474342
0.6 1 0.019482 0.0460484
0.7 1 0.0228772 0.0444594
0.8 1 0.0259708 0.0427261
0.9 1 0.0287546 0.0409044
1 1 0.0312348 0.0390434
0 0.9 -0.00452679 0.0497947
0.1 0.9 -0 0.05
0.2 0.9 0.00461933 0.0497862
0.3 0.9 0.00921443 0.0491436
0.4 0.9 0.0136692 0.0480953
0.5 0.9 0.0178824 0.0466928
0.6 0.9 0.021778 0.045008
0.7 0.9 0.02531 0.0431208
0.8 0.9 0.0284605 0.0411096
0.9 0.9 0.0312348 0.0390434
1 0.9 0.0336543 0.0369782
0 0.8 -0.00452679 0.0497947
0.1 0.8 0.000574675 0.0499967
0.2 0.8 0.00577504 0.0496654
0.3 0.8 0.0109073 0.0487958
0.4 0.8 0.0158114 0.0474342
0.5 0.8 0.020358 0.0456679
0.6 0.8 0.0244625 0.0436072
0.7 0.8 0.0280876 0.0413653
0.8 0.8 0.0312348 0.0390434
0.9 0.8 0.0339333 0.0367223
1 0.8 0.0362279 0.0344607
0 0.7 -0.00452679 0.0497947
0.1 0.7 0.00131533 0.0499827
0.2 0.7 0.00725571 0.0494707
0.3 0.7 0.0130455 0.0482682
0.4 0.7 0.0184597 0.0464676
0.5 0.7 0.0233379 0.0442192
0.6 0.7 0.0275994 0.0416926
0.7 0.7 0.0312348 0.0390434
0.8 0.7 0.0342847 0.0363945
0.9 0.7 0.0368164 0.0338313
1 0.7 0.0389059 0.0314059
0 0.6 -0.00452679 0.0497947
0.1 0.6 0.00230524 0.0499468
0.2 0.6 0.00921443 0.0491436
0.3 0.6 0.0158114 0.0474342
0.4 0.6 0.021778 0.045008
0.5 0.6 0.0269331 0.0421261
0.6 0.6 0.0312348 0.0390434
0.7 0.6 0.0347406 0.0359596
0.8 0.6 0.0375582 0.0330057
0.9 0.6 0.0398081 0.0302542
1 0.6 0.0416025 0.027735
0 0.5 -0.00452679 0.0497947
0.1 0.5 0.00369358 0.0498634
0.2 0.5 0.0119111 0.0485605
0.3 0.5 0.019482 0.0460484
0.4 0.5 0.0259708 0.0427261
0.5 0.5 0.0312348 0.0390434
0.6 0.5 0.0353553 0.0353553
0.7 0.5 0.0385197 0.0318784
0.8 0.5 0.0409329 0.0287141
0.9 0.5 0.042775 0.0258901
1 0.5 0.0441894 0.0233944
0 0.4 -0.00452679 0.0497947
0.1 0.4 0.00577504 0.0496654
0.2 0.4 0.0158114 0.0474342
0.3 0.4 0.0244625 0.0436072
0.4 0.4 0.0312348 0.0390434
0.5 0.4 0.0362279 0.0344607
0.6 0.4 0.0398081 0.0302542
0.7 0.4 0.0423595 0.0265645
0.8 0.4 0.0441894 0.0233944
0.9 0.4 0.0455183 0.0206901
1 0.4 0.046498 0.0183829
0 0.3 -0.00452679 0.0497947
0.1 0.3 0.00921443 0.0491436
0.2 0.3 0.021778 0.045008
0.3 0.3 0.0312348 0.0390434
0.4 0.3 0.0375582 0.0330057
0.5 0.3 0.0416025 0.027735
0.6 0.3 0.0441894 0.0233944
0.7 0.3 0.0458778 0.0198804
0.8 0.3 0.0470095 0.0170324
0.9 0.3 0.047789 0.0147043
1 0.3 0.0483393 0.0127794
0 0.2 -0.00452679 0.0497947
0.1 0.2 0.0158114 0.0474342
0.2 0.2 0.0312348 0.0390434
0.3 0.2 0.0398081 0.0302542
0.4 0.2 0.0441894 0.0233944
0.5 0.2 0.046498 0.0183829
0.6 0.2 0.047789 0.0147043
0.7 0.2 0.0485536 0.0119394
0.8 0.2 0.049029 0.00980581
0.9 0.2 0.0493365 0.00811866
1 0.2 0.0495415 0.00675566
0 0.1 -0.00452679 0.0497947
0.1 0.1 0.0312348 0.0390434
0.2 0.1 0.0441894 0.0233944
0.3 0.1 0.047789 0.0147043
0.4 0.1 0.049029 0.00980581
0.5 0.1 0.0495415 0.00675566
0.6 0.1 0.049779 0.00469613
0.7 0.1 0.0498963 0.00321911
0.8 0.1 0.0499554 0.00211079
0.9 0.1 0.0499844 0.00124961
1 0.1 0.0499968 0.000561762
0 0 -nan(ind) -nan(ind)
0.1 0 0.0496942 -0.00552158
0.2 0 0.0496942 -0.00552158
0.3 0 0.0496942 -0.00552158
0.4 0 0.0496942 -0.00552158
0.5 0 0.0496942 -0.00552158
0.6 0 0.0496942 -0.00552158
0.7 0 0.0496942 -0.00552158
0.8 0 0.0496942 -0.00552158
0.9 0 0.0496942 -0.00552158
1 0 0.0496942 -0.00552158
