0 1 -0.00452679 0.0497947
0.1 1 -0.000458696 0.0499979
0.2 1 0.00369358 0.0498634
0.3 1 0.00784552 0.0493806
0.4 1 0.0119111 0.0485605
0.5 1 0.0158114 0.0474342
0.6 1 0.019482 0.0460484
0.7 1 0.0228772 0.0444594
0.8 1 0.0259708 0.0427261
0.9 1 0.0287546 0.0409044
1 1 0.0312348 0.0390434
0 0.9 -0.00452679 0.0497947
0.1 0.9 -0.000243537 0.0499994
0.2 0.9 0.00447629 0.0497992
0.3 0.9 0.00908836 0.0491671
0.4 0.9 0.0135358 0.048133
0.5 0.9 0.01782 0.0467167
0.6 0.9 0.0217898 0.0450023
0.7 0.9 0.0252958 0.0431291
0.8 0.9 0.0283956 0.0411545
0.9 0.9 0.0312913 0.0389982
1 0.9 0.0336543 0.0369782
0 0.8 -0.00452679 0.0497947
0.1 0.8 0.000604037 0.0499964
0.2 0.8 0.00559482 0.049686
0.3 0.8 0.0107751 0.0488252
0.4 0.8 0.0158544 0.0474198
0.5 0.8 0.0204293 0.045636
0.6 0.8 0.0244339 0.0436232
0.7 0.8 0.0280825 0.0413688
0.8 0.8 0.0312072 0.0390655
0.9 0.8 0.0338838 0.036768
1 0.8 0.0362279 0.0344607
0 0.7 -0.00452679 0.0497947
0.1 0.7 0.00152833 0.0499766
0.2 0.7 0.00707929 0.0494963
0.3 0.7 0.0128348 0.0483246
0.4 0.7 0.0185424 0.0464347
0.5 0.7 0.0234239 0.0441737
0.6 0.7 0.0276038 0.0416897
0.7 0.7 0.0311852 0.039083
0.8 0.7 0.0342224 0.0364531
0.9 0.7 0.0367243 0.0339312
1 0.7 0.0389059 0.0314059
0 0.6 -0.00452679 0.0497947
0.1 0.6 0.00252237 0.0499363
0.2 0.6 0.00923741 0.0491393
0.3 0.6 0.0158428 0.0474237
0.4 0.6 0.0218372 0.0449793
0.5 0.6 0.0269589 0.0421096
0.6 0.6 0.0311722 0.0390934
0.7 0.6 0.0348079 0.0358944
0.8 0.6 0.0376658 0.032883
0.9 0.6 0.0398651 0.030179
1 0.6 0.0416025 0.027735
0 0.5 -0.00452679 0.0497947
0.1 0.5 0.00388954 0.0498485
0.2 0.5 0.0120755 0.0485199
0.3 0.5 0.019641 0.0459808
0.4 0.5 0.0262562 0.0425513
0.5 0.5 0.0314168 0.0388971
0.6 0.5 0.0354287 0.0352818
0.7 0.5 0.0385642 0.0318245
0.8 0.5 0.0410283 0.0285775
0.9 0.5 0.0428501 0.0257656
1 0.5 0.0441894 0.0233944
0 0.4 -0.00452679 0.0497947
0.1 0.4 0.00606489 0.0496308
0.2 0.4 0.0161842 0.0473083
0.3 0.4 0.0246593 0.0434962
0.4 0.4 0.0313695 0.0389353
0.5 0.4 0.0363025 0.0343821
0.6 0.4 0.0396951 0.0304022
0.7 0.4 0.0422962 0.0266651
0.8 0.4 0.0441054 0.0235524
0.9 0.4 0.0455522 0.0206155
1 0.4 0.046498 0.0183829
0 0.3 -0.00452679 0.0497947
0.1 0.3 0.00950766 0.0490877
0.2 0.3 0.02174 0.0450264
0.3 0.3 0.0315636 0.0387781
0.4 0.3 0.0377258 0.0328141
0.5 0.3 0.0415204 0.0278577
0.6 0.3 0.0440053 0.0237389
0.7 0.3 0.0457429 0.0201889
0.8 0.3 0.0469703 0.0171404
0.9 0.3 0.0477521 0.0148234
1 0.3 0.0483393 0.0127794
0 0.2 -0.00452679 0.0497947
0.1 0.2 0.0154694 0.0475468
0.2 0.2 0.031319 0.0389759
0.3 0.2 0.0399344 0.0300873
0.4 0.2 0.0442127 0.0233503
0.5 0.2 0.0465328 0.0182947
0.6 0.2 0.0477073 0.014967
0.7 0.2 0.048502 0.0121471
0.8 0.2 0.0490216 0.00984312
0.9 0.2 0.0493666 0.00793346
1 0.2 0.0495415 0.00675566
0 0.1 -0.00452679 0.0497947
0.1 0.1 0.0308098 0.0393797
0.2 0.1 0.0445454 0.0227091
0.3 0.1 0.0479858 0.0140484
0.4 0.1 0.049146 0.00920187
0.5 0.1 0.0496067 0.00625883
0.6 0.1 0.0497946 0.00452719
0.7 0.1 0.0498886 0.00333655
0.8 0.1 0.0499503 0.00222856
0.9 0.1 0.0499903 0.000982899
1 0.1 0.0499968 0.000561762
0 0 -nan(ind) -nan(ind)
0.1 0 0.0496942 -0.00552158
0.2 0 0.0496942 -0.00552158
0.3 0 0.0496942 -0.00552158
0.4 0 0.0496942 -0.00552158
0.5 0 0.0496942 -0.00552158
0.6 0 0.0496942 -0.00552158
0.7 0 0.0496942 -0.00552158
0.8 0 0.0496942 -0.00552158
0.9 0 0.0496942 -0.00552158
1 0 0.0496942 -0.00552158
