0 1 0
0 1 0
0.1 1 0
0.2 1 0
0.3 1 0
0.4 1 0
0.5 1 0
0.6 1 0
0.7 1 0
0.8 1 0
0.9 1 0
1 1 0
0 0.9 0.0184731
0.1 0.9 0.018384
0.2 0.9 0.0182114
0.3 0.9 0.0180552
0.4 0.9 0.0179687
0.5 0.9 0.0182503
0.6 0.9 0.0184002
0.7 0.9 0.0182741
0.8 0.9 0.01815
0.9 0.9 0
1 0.9 0
0 0.8 0.01834
0.1 0.8 0.0182711
0.2 0.8 0.01795
0.3 0.8 0.0178904
0.4 0.8 0.0179711
0.5 0.8 0.01823
0.6 0.8 0.0183875
0.7 0.8 0.0183638
0.8 0.8 0.0184902
0.9 0.8 0
1 0.8 0
0 0.7 0.0182952
0.1 0.7 0.0182645
0.2 0.7 0.0180163
0.3 0.7 0.0180048
0.4 0.7 0.0180711
0.5 0.7 0.0181759
0.6 0.7 0.0181249
0.7 0.7 0.018275
0.8 0.7 0.0186426
0.9 0.7 0
1 0.7 0
0 0.6 0.0182327
0.1 0.6 0.0180557
0.2 0.6 0.0180476
0.3 0.6 0.0179757
0.4 0.6 0.0180793
0.5 0.6 0.0181246
0.6 0.6 0.0180836
0.7 0.6 0.0181512
0.8 0.6 0.0184649
0.9 0.6 0
1 0.6 0
0 0.5 0.0183047
0.1 0.5 0.0180308
0.2 0.5 0.0179728
0.3 0.5 0.0178438
0.4 0.5 0.0179258
0.5 0.5 0.0180305
0.6 0.5 0.018144
0.7 0.5 0.0183423
0.8 0.5 0.018419
0.9 0.5 0
1 0.5 0
0 0.4 0.0182334
0.1 0.4 0.0179422
0.2 0.4 0.0177991
0.3 0.4 0.0177646
0.4 0.4 0.0178232
0.5 0.4 0.0178484
0.6 0.4 0.0180661
0.7 0.4 0.0183976
0.8 0.4 0.0183872
0.9 0.4 0
1 0.4 0
0 0.3 0.0181817
0.1 0.3 0.0179723
0.2 0.3 0.0181245
0.3 0.3 0.0179018
0.4 0.3 0.0179633
0.5 0.3 0.0180698
0.6 0.3 0.0181388
0.7 0.3 0.018304
0.8 0.3 0.0184406
0.9 0.3 0
1 0.3 0
0 0.2 0.0182753
0.1 0.2 0.0182064
0.2 0.2 0.0181841
0.3 0.2 0.0180521
0.4 0.2 0.0180183
0.5 0.2 0.0182157
0.6 0.2 0.0183002
0.7 0.2 0.0183758
0.8 0.2 0.0182286
0.9 0.2 0
1 0.2 0
0 0.1 0.018284
0.1 0.1 0.0183071
0.2 0.1 0.0183848
0.3 0.1 0.0182778
0.4 0.1 0.0183488
0.5 0.1 0.0180734
0.6 0.1 0.0182725
0.7 0.1 0.0181492
0.8 0.1 0.018214
0.9 0.1 0
1 0.1 0
0 0 0
0.1 0 0
0.2 0 0
0.3 0 0
0.4 0 0
0.5 0 0
0.6 0 0
0.7 0 0
0.8 0 0
0.9 0 0
