0 1
0.025 0.97622
0.05 0.954774
0.075 0.935525
0.1 0.918367
0.125 0.903226
0.15 0.890052
0.175 0.878828
0.2 0.869565
0.225 0.862309
0.25 0.857143
0.275 0.854197
0.3 0.853659
0.325 0.855784
0.35 0.860927
0.375 0.869565
0.4 0.882353
0.425 0.900196
0.45 0.92437
0.475 0.95672
0.5 1
0.525 1.0585
0.55 1.13924
0.575 1.25461
0.6 1.42857
0.625 1.71429
0.65 2.25806
0.675 3.66197
0.7 15
0.725 -5.36585
0.75 -2
0.775 -1.11801
0.8 -0.714286
0.825 -0.484429
0.85 -0.337079
0.875 -0.235294
0.9 -0.16129
0.925 -0.105448
0.95 -0.0621118
0.975 -0.0277393
1 4.44089e-16
1.025 0.0227015
1.05 0.0414938
1.075 0.0571973
1.1 0.0704225
1.125 0.0816327
1.15 0.0911854
1.175 0.0993612
1.2 0.106383
1.225 0.11243
1.25 0.117647
1.275 0.122154
1.3 0.12605
1.325 0.129418
1.35 0.132325
1.375 0.134831
1.4 0.136986
1.425 0.138832
1.45 0.140406
1.475 0.141738
1.5 0.142857
1.525 0.143786
1.55 0.144547
1.575 0.145156
1.6 0.145631
1.625 0.145985
1.65 0.146232
1.675 0.146381
1.7 0.146444
1.725 0.146428
1.75 0.146341
1.775 0.146192
1.8 0.145985
1.825 0.145728
1.85 0.145423
1.875 0.145078
1.9 0.144695
1.925 0.144278
1.95 0.14383
1.975 0.143356
2 0.142857
2.025 0.142336
2.05 0.141796
2.075 0.141238
2.1 0.140665
2.125 0.140078
2.15 0.139478
2.175 0.138868
2.2 0.138249
2.225 0.137621
2.25 0.136986
2.275 0.136345
2.3 0.135699
2.325 0.135049
2.35 0.134395
2.375 0.133739
2.4 0.13308
2.425 0.13242
2.45 0.131758
2.475 0.131097
2.5 0.130435
2.525 0.129773
2.55 0.129113
2.575 0.128453
2.6 0.127796
2.625 0.127139
2.65 0.126485
2.675 0.125833
2.7 0.125184
2.725 0.124537
2.75 0.123894
2.775 0.123253
2.8 0.122616
2.825 0.121982
2.85 0.121351
2.875 0.120724
2.9 0.120101
2.925 0.119482
2.95 0.118866
2.975 0.118255
3 0.117647
3.025 0.117044
3.05 0.116444
3.075 0.115849
3.1 0.115258
3.125 0.114671
3.15 0.114089
3.175 0.11351
3.2 0.112936
3.225 0.112367
3.25 0.111801
3.275 0.11124
3.3 0.110683
3.325 0.110131
3.35 0.109583
3.375 0.109039
3.4 0.108499
3.425 0.107964
3.45 0.107433
3.475 0.106906
3.5 0.106383
3.525 0.105864
3.55 0.10535
3.575 0.10484
3.6 0.104334
3.625 0.103832
3.65 0.103334
3.675 0.10284
3.7 0.10235
3.725 0.101864
3.75 0.101382
3.775 0.100905
3.8 0.10043
3.825 0.0999602
3.85 0.0994938
3.875 0.0990312
3.9 0.0985724
3.925 0.0981173
3.95 0.0976659
3.975 0.0972183
4 0.0967742
4.025 0.0963337
4.05 0.0958969
4.075 0.0954635
4.1 0.0950337
4.125 0.0946074
4.15 0.0941845
4.175 0.093765
4.2 0.0933489
4.225 0.0929361
4.25 0.0925267
4.275 0.0921205
4.3 0.0917176
4.325 0.0913179
4.35 0.0909214
4.375 0.0905281
4.4 0.0901379
4.425 0.0897507
4.45 0.0893667
4.475 0.0889856
4.5 0.0886076
4.525 0.0882325
4.55 0.0878604
4.575 0.0874912
4.6 0.0871249
4.625 0.0867614
4.65 0.0864008
4.675 0.0860429
4.7 0.0856878
4.725 0.0853355
4.75 0.0849858
4.775 0.0846389
4.8 0.0842946
4.825 0.0839529
4.85 0.0836139
4.875 0.0832774
4.9 0.0829434
4.925 0.082612
4.95 0.0822831
4.975 0.0819567
5 0.0816327
