0 1 0
0 1 0
0.1 1 0
0.2 1 0
0.3 1 0
0.4 1 0
0.5 1 0
0.6 1 0
0.7 1 0
0.8 1 0
0.9 1 0
1 1 0
0 0.9 0.00209181
0.1 0.9 0.0020662
0.2 0.9 0.00208173
0.3 0.9 0.00191864
0.4 0.9 0.0020561
0.5 0.9 0.00214708
0.6 0.9 0.00202012
0.7 0.9 0.00212829
0.8 0.9 0.00221481
0.9 0.9 0
1 0.9 0
0 0.8 0.00195435
0.1 0.8 0.00200896
0.2 0.8 0.00198461
0.3 0.8 0.00198748
0.4 0.8 0.00228145
0.5 0.8 0.002595
0.6 0.8 0.00212299
0.7 0.8 0.00213402
0.8 0.8 0.00216897
0.9 0.8 0
1 0.8 0
0 0.7 0.00198921
0.1 0.7 0.00206952
0.2 0.7 0.00212635
0.3 0.7 0.00217604
0.4 0.7 0.00253513
0.5 0.7 0.00263423
0.6 0.7 0.00227068
0.7 0.7 0.0020538
0.8 0.7 0.001999
0.9 0.7 0
1 0.7 0
0 0.6 0.002044
0.1 0.6 0.00184009
0.2 0.6 0.00217371
0.3 0.6 0.00252554
0.4 0.6 0.00242116
0.5 0.6 0.00232343
0.6 0.6 0.00223019
0.7 0.6 0.00191479
0.8 0.6 0.00199979
0.9 0.6 0
1 0.6 0
0 0.5 0.00196761
0.1 0.5 0.00204797
0.2 0.5 0.00213613
0.3 0.5 0.0021398
0.4 0.5 0.0020007
0.5 0.5 0.00213472
0.6 0.5 0.00196538
0.7 0.5 0.00198768
0.8 0.5 0.00186875
0.9 0.5 0
1 0.5 0
0 0.4 0.00205824
0.1 0.4 0.00213664
0.2 0.4 0.0023037
0.3 0.4 0.00229697
0.4 0.4 0.00201968
0.5 0.4 0.00216864
0.6 0.4 0.00220999
0.7 0.4 0.00218952
0.8 0.4 0.00188542
0.9 0.4 0
1 0.4 0
0 0.3 0.00213063
0.1 0.3 0.00207475
0.2 0.3 0.00243803
0.3 0.3 0.00223827
0.4 0.3 0.00225129
0.5 0.3 0.00223419
0.6 0.3 0.00235147
0.7 0.3 0.00222233
0.8 0.3 0.00217583
0.9 0.3 0
1 0.3 0
0 0.2 0.00205269
0.1 0.2 0.00212279
0.2 0.2 0.00247923
0.3 0.2 0.00244853
0.4 0.2 0.00207049
0.5 0.2 0.00249809
0.6 0.2 0.00223951
0.7 0.2 0.00227044
0.8 0.2 0.00209789
0.9 0.2 0
1 0.2 0
0 0.1 0.00213978
0.1 0.1 0.00209829
0.2 0.1 0.00229981
0.3 0.1 0.00227535
0.4 0.1 0.00221802
0.5 0.1 0.0022961
0.6 0.1 0.00205313
0.7 0.1 0.00213435
0.8 0.1 0.00199948
0.9 0.1 0
1 0.1 0
0 0 0
0.1 0 0
0.2 0 0
0.3 0 0
0.4 0 0
0.5 0 0
0.6 0 0
0.7 0 0
0.8 0 0
0.9 0 0
