0 1 0.22449
0 1 0.22449
0.1 1 0.222449
0.2 1 0.220408
0.3 1 0.218367
0.4 1 0.216327
0.5 1 0.214286
0.6 1 0.212245
0.7 1 0.210204
0.8 1 0.208163
0.9 1 0.206122
1 1 0.204082
0 0.9 0.202041
0.1 0.9 0.2
0.2 0.9 0.197959
0.3 0.9 0.195918
0.4 0.9 0.193878
0.5 0.9 0.191837
0.6 0.9 0.189796
0.7 0.9 0.187755
0.8 0.9 0.185714
0.9 0.9 0.183673
1 0.9 0.181633
0 0.8 0.179592
0.1 0.8 0.177551
0.2 0.8 0.17551
0.3 0.8 0.173469
0.4 0.8 0.171429
0.5 0.8 0.169388
0.6 0.8 0.167347
0.7 0.8 0.165306
0.8 0.8 0.163265
0.9 0.8 0.161224
1 0.8 0.159184
0 0.7 0.157143
0.1 0.7 0.155102
0.2 0.7 0.153061
0.3 0.7 0.15102
0.4 0.7 0.14898
0.5 0.7 0.146939
0.6 0.7 0.144898
0.7 0.7 0.142857
0.8 0.7 0.140816
0.9 0.7 0.138776
1 0.7 0.136735
0 0.6 0.134694
0.1 0.6 0.132653
0.2 0.6 0.130612
0.3 0.6 0.128571
0.4 0.6 0.126531
0.5 0.6 0.12449
0.6 0.6 0.122449
0.7 0.6 0.120408
0.8 0.6 0.118367
0.9 0.6 0.116327
1 0.6 0.114286
0 0.5 0.112245
0.1 0.5 0.110204
0.2 0.5 0.108163
0.3 0.5 0.106122
0.4 0.5 0.104082
0.5 0.5 0.102041
0.6 0.5 0.1
0.7 0.5 0.0979592
0.8 0.5 0.0959184
0.9 0.5 0.0938776
1 0.5 0.0918367
0 0.4 0.0897959
0.1 0.4 0.0877551
0.2 0.4 0.0857143
0.3 0.4 0.0836735
0.4 0.4 0.0816327
0.5 0.4 0.0795918
0.6 0.4 0.077551
0.7 0.4 0.0755102
0.8 0.4 0.0734694
0.9 0.4 0.0714286
1 0.4 0.0693878
0 0.3 0.0673469
0.1 0.3 0.0653061
0.2 0.3 0.0632653
0.3 0.3 0.0612245
0.4 0.3 0.0591837
0.5 0.3 0.0571429
0.6 0.3 0.055102
0.7 0.3 0.0530612
0.8 0.3 0.0510204
0.9 0.3 0.0489796
1 0.3 0.0469388
0 0.2 0.044898
0.1 0.2 0.0428571
0.2 0.2 0.0408163
0.3 0.2 0.0387755
0.4 0.2 0.0367347
0.5 0.2 0.0346939
0.6 0.2 0.0326531
0.7 0.2 0.0306122
0.8 0.2 0.0285714
0.9 0.2 0.0265306
1 0.2 0.0244898
0 0.1 0.022449
0.1 0.1 0.0204082
0.2 0.1 0.0183673
0.3 0.1 0.0163265
0.4 0.1 0.0142857
0.5 0.1 0.0122449
0.6 0.1 0.0102041
0.7 0.1 0.00816327
0.8 0.1 0.00612245
0.9 0.1 0.00408163
1 0.1 0.00204082
0 0 -0
0.1 0 -0.00204082
0.2 0 -0.00408163
0.3 0 -0.00612245
0.4 0 -0.00816327
0.5 0 -0.0102041
0.6 0 -0.0122449
0.7 0 -0.0142857
0.8 0 -0.0163265
0.9 0 -0.0183673
