0 0
0.025 -0.0250313
0.05 -0.0502513
0.075 -0.0758534
0.1 -0.102041
0.125 -0.129032
0.15 -0.157068
0.175 -0.186418
0.2 -0.217391
0.225 -0.250348
0.25 -0.285714
0.275 -0.324006
0.3 -0.365854
0.325 -0.412044
0.35 -0.463576
0.375 -0.521739
0.4 -0.588235
0.425 -0.665362
0.45 -0.756303
0.475 -0.865604
0.5 -1
0.525 -1.16992
0.55 -1.39241
0.575 -1.69742
0.6 -2.14286
0.625 -2.85714
0.65 -4.19355
0.675 -7.60563
0.7 -35
0.725 14.1463
0.75 6
0.775 3.85093
0.8 2.85714
0.825 2.28374
0.85 1.91011
0.875 1.64706
0.9 1.45161
0.925 1.30053
0.95 1.18012
0.975 1.08183
1 1
1.025 0.93076
1.05 0.871369
1.075 0.819828
1.1 0.774648
1.125 0.734694
1.15 0.699088
1.175 0.66714
1.2 0.638298
1.225 0.612117
1.25 0.588235
1.275 0.566352
1.3 0.546218
1.325 0.527626
1.35 0.510397
1.375 0.494382
1.4 0.479452
1.425 0.465496
1.45 0.452418
1.475 0.440134
1.5 0.428571
1.525 0.417665
1.55 0.407359
1.575 0.397602
1.6 0.38835
1.625 0.379562
1.65 0.371204
1.675 0.363242
1.7 0.355649
1.725 0.348397
1.75 0.341463
1.775 0.334827
1.8 0.328467
1.825 0.322367
1.85 0.31651
1.875 0.310881
1.9 0.305466
1.925 0.300253
1.95 0.295231
1.975 0.290388
2 0.285714
2.025 0.281201
2.05 0.27684
2.075 0.272623
2.1 0.268542
2.125 0.264591
2.15 0.260764
2.175 0.257054
2.2 0.253456
2.225 0.249965
2.25 0.246575
2.275 0.243283
2.3 0.240084
2.325 0.236973
2.35 0.233947
2.375 0.231003
2.4 0.228137
2.425 0.225346
2.45 0.222626
2.475 0.219976
2.5 0.217391
2.525 0.214871
2.55 0.212411
2.575 0.210011
2.6 0.207668
2.625 0.205379
2.65 0.203143
2.675 0.200958
2.7 0.198822
2.725 0.196733
2.75 0.19469
2.775 0.192692
2.8 0.190736
2.825 0.188821
2.85 0.186947
2.875 0.185111
2.9 0.183312
2.925 0.18155
2.95 0.179823
2.975 0.17813
3 0.176471
3.025 0.174843
3.05 0.173246
3.075 0.17168
3.1 0.170143
3.125 0.168634
3.15 0.167153
3.175 0.165699
3.2 0.164271
3.225 0.162869
3.25 0.161491
3.275 0.160137
3.3 0.158807
3.325 0.157499
3.35 0.156214
3.375 0.15495
3.4 0.153707
3.425 0.152485
3.45 0.151283
3.475 0.1501
3.5 0.148936
3.525 0.147791
3.55 0.146664
3.575 0.145554
3.6 0.144462
3.625 0.143387
3.65 0.142328
3.675 0.141285
3.7 0.140258
3.725 0.139246
3.75 0.138249
3.775 0.137266
3.8 0.136298
3.825 0.135344
3.85 0.134404
3.875 0.133477
3.9 0.132563
3.925 0.131662
3.95 0.130773
3.975 0.129897
4 0.129032
4.025 0.12818
4.05 0.127338
4.075 0.126509
4.1 0.12569
4.125 0.124882
4.15 0.124084
4.175 0.123297
4.2 0.12252
4.225 0.121754
4.25 0.120996
4.275 0.120249
4.3 0.119511
4.325 0.118782
4.35 0.118062
4.375 0.117351
4.4 0.116649
4.425 0.115955
4.45 0.11527
4.475 0.114593
4.5 0.113924
4.525 0.113263
4.55 0.11261
4.575 0.111964
4.6 0.111326
4.625 0.110696
4.65 0.110072
4.675 0.109456
4.7 0.108847
4.725 0.108244
4.75 0.107649
4.775 0.10706
4.8 0.106477
4.825 0.105901
4.85 0.105332
4.875 0.104768
4.9 0.104211
4.925 0.10366
4.95 0.103114
4.975 0.102575
5 0.102041
